// Sample Quake .map for AssetManager::LoadMap — a walled room with a pillar.
{
"classname" "worldspawn"
{
( -128 -128 -16 ) ( -128 -127 -16 ) ( -128 -128 -15 ) floor 0 0 0 1 1
( -128 -128 -16 ) ( -128 -128 -15 ) ( -127 -128 -16 ) floor 0 0 0 1 1
( -128 -128 -16 ) ( -127 -128 -16 ) ( -128 -127 -16 ) floor 0 0 0 1 1
( 128 128 0 ) ( 128 129 0 ) ( 129 128 0 ) floor 0 0 0 1 1
( 128 128 0 ) ( 129 128 0 ) ( 128 128 1 ) floor 0 0 0 1 1
( 128 128 0 ) ( 128 128 1 ) ( 128 129 0 ) floor 0 0 0 1 1
}
{
( -128 -128 112 ) ( -128 -127 112 ) ( -128 -128 113 ) ceiling 0 0 0 1 1
( -128 -128 112 ) ( -128 -128 113 ) ( -127 -128 112 ) ceiling 0 0 0 1 1
( -128 -128 112 ) ( -127 -128 112 ) ( -128 -127 112 ) ceiling 0 0 0 1 1
( 128 128 128 ) ( 128 129 128 ) ( 129 128 128 ) ceiling 0 0 0 1 1
( 128 128 128 ) ( 129 128 128 ) ( 128 128 129 ) ceiling 0 0 0 1 1
( 128 128 128 ) ( 128 128 129 ) ( 128 129 128 ) ceiling 0 0 0 1 1
}
{
( 112 -128 0 ) ( 112 -127 0 ) ( 112 -128 1 ) wall 0 0 0 1 1
( 112 -128 0 ) ( 112 -128 1 ) ( 113 -128 0 ) wall 0 0 0 1 1
( 112 -128 0 ) ( 113 -128 0 ) ( 112 -127 0 ) wall 0 0 0 1 1
( 128 128 112 ) ( 128 129 112 ) ( 129 128 112 ) wall 0 0 0 1 1
( 128 128 112 ) ( 129 128 112 ) ( 128 128 113 ) wall 0 0 0 1 1
( 128 128 112 ) ( 128 128 113 ) ( 128 129 112 ) wall 0 0 0 1 1
}
{
( -128 -128 0 ) ( -128 -127 0 ) ( -128 -128 1 ) wall 0 0 0 1 1
( -128 -128 0 ) ( -128 -128 1 ) ( -127 -128 0 ) wall 0 0 0 1 1
( -128 -128 0 ) ( -127 -128 0 ) ( -128 -127 0 ) wall 0 0 0 1 1
( -112 128 112 ) ( -112 129 112 ) ( -111 128 112 ) wall 0 0 0 1 1
( -112 128 112 ) ( -111 128 112 ) ( -112 128 113 ) wall 0 0 0 1 1
( -112 128 112 ) ( -112 128 113 ) ( -112 129 112 ) wall 0 0 0 1 1
}
{
( -128 112 0 ) ( -128 113 0 ) ( -128 112 1 ) wall 0 0 0 1 1
( -128 112 0 ) ( -128 112 1 ) ( -127 112 0 ) wall 0 0 0 1 1
( -128 112 0 ) ( -127 112 0 ) ( -128 113 0 ) wall 0 0 0 1 1
( 128 128 112 ) ( 128 129 112 ) ( 129 128 112 ) wall 0 0 0 1 1
( 128 128 112 ) ( 129 128 112 ) ( 128 128 113 ) wall 0 0 0 1 1
( 128 128 112 ) ( 128 128 113 ) ( 128 129 112 ) wall 0 0 0 1 1
}
{
( -128 -128 0 ) ( -128 -127 0 ) ( -128 -128 1 ) wall 0 0 0 1 1
( -128 -128 0 ) ( -128 -128 1 ) ( -127 -128 0 ) wall 0 0 0 1 1
( -128 -128 0 ) ( -127 -128 0 ) ( -128 -127 0 ) wall 0 0 0 1 1
( 128 -112 112 ) ( 128 -111 112 ) ( 129 -112 112 ) wall 0 0 0 1 1
( 128 -112 112 ) ( 129 -112 112 ) ( 128 -112 113 ) wall 0 0 0 1 1
( 128 -112 112 ) ( 128 -112 113 ) ( 128 -111 112 ) wall 0 0 0 1 1
}
{
( -16 -16 0 ) ( -16 -15 0 ) ( -16 -16 1 ) pillar 0 0 0 1 1
( -16 -16 0 ) ( -16 -16 1 ) ( -15 -16 0 ) pillar 0 0 0 1 1
( -16 -16 0 ) ( -15 -16 0 ) ( -16 -15 0 ) pillar 0 0 0 1 1
( 16 16 96 ) ( 16 17 96 ) ( 17 16 96 ) pillar 0 0 0 1 1
( 16 16 96 ) ( 17 16 96 ) ( 16 16 97 ) pillar 0 0 0 1 1
( 16 16 96 ) ( 16 16 97 ) ( 16 17 96 ) pillar 0 0 0 1 1
}
}
{
"classname" "info_player_start"
"origin" "0 0 32"
}

